11111 11111    TASK 1 		111111111
11111 11111    TASK 1 		111111111
11111 11111    TASK 1 		111111111
11111 11111    TASK 1 		111111111
11111 11111    TASK 1 		111111111
11111 11111    TASK 1 		111111111
11111 11111    TASK 1 		111111111
11111 11111    TASK 1 		111111111
11111 11111    TASK 1 		111111111
11111 11111    TASK 1 		111111111
11111 11111    TASK 1 		111111111
11111 11111    TASK 1 		111111111

11111 11111    TASK 1 		11111111111111 11111    TASK 1 		111111111
11111 11111    TASK 1 		111111111
11111 11111    TASK 1 		111111111
11111 11111    TASK 1 		111111111
11111 11111    TASK 1 		111111111
11111 11111    TASK 1 		111111111

11111 11111    TASK 1 		11111111111111 11111    TASK 1 		111111111

11111 11111    TASK 1 		11111111111111 11111    TASK 1 		111111111

11111 11111    TASK 1 		11111111111111 11111    TASK 1 		111111111
11111 11111    TASK 1 		111111111

11111 11111    TASK 1 		111111111
11111 11111    TASK 1 		11111111111111 11111    TASK 1 		111111111

11111 11111    TASK 1 		111111111
11111 11111    TASK 1 		111111111
11111 11111    TASK 1 		111111111
11111 11111    TASK 1 		111111111
11111 11111    TASK 1 		11111111111111 11111    TASK 1 		111111111

